# Theoretical covariance matrix of the noisy responses for N=1000000 and J=10000
2.499666897721176089e-07 0.000000000000000000e+00 0.000000000000000000e+00 0.000000000000000000e+00 0.000000000000000000e+00 0.000000000000000000e+00 0.000000000000000000e+00 0.000000000000000000e+00 0.000000000000000000e+00 0.000000000000000000e+00 0.000000000000000000e+00 0.000000000000000000e+00 0.000000000000000000e+00 0.000000000000000000e+00 0.000000000000000000e+00
0.000000000000000000e+00 2.499741851255449421e-07 0.000000000000000000e+00 0.000000000000000000e+00 0.000000000000000000e+00 0.000000000000000000e+00 0.000000000000000000e+00 0.000000000000000000e+00 0.000000000000000000e+00 0.000000000000000000e+00 0.000000000000000000e+00 0.000000000000000000e+00 0.000000000000000000e+00 0.000000000000000000e+00 0.000000000000000000e+00
0.000000000000000000e+00 0.000000000000000000e+00 2.499596605223202005e-07 0.000000000000000000e+00 0.000000000000000000e+00 0.000000000000000000e+00 0.000000000000000000e+00 0.000000000000000000e+00 0.000000000000000000e+00 0.000000000000000000e+00 0.000000000000000000e+00 0.000000000000000000e+00 0.000000000000000000e+00 0.000000000000000000e+00 0.000000000000000000e+00
0.000000000000000000e+00 0.000000000000000000e+00 0.000000000000000000e+00 2.499671308462061630e-07 0.000000000000000000e+00 0.000000000000000000e+00 0.000000000000000000e+00 0.000000000000000000e+00 0.000000000000000000e+00 0.000000000000000000e+00 0.000000000000000000e+00 0.000000000000000000e+00 0.000000000000000000e+00 0.000000000000000000e+00 0.000000000000000000e+00
0.000000000000000000e+00 0.000000000000000000e+00 0.000000000000000000e+00 0.000000000000000000e+00 2.499687053117070874e-07 0.000000000000000000e+00 0.000000000000000000e+00 0.000000000000000000e+00 0.000000000000000000e+00 0.000000000000000000e+00 0.000000000000000000e+00 0.000000000000000000e+00 0.000000000000000000e+00 0.000000000000000000e+00 0.000000000000000000e+00
0.000000000000000000e+00 0.000000000000000000e+00 0.000000000000000000e+00 0.000000000000000000e+00 0.000000000000000000e+00 2.499653317525192226e-07 0.000000000000000000e+00 0.000000000000000000e+00 0.000000000000000000e+00 0.000000000000000000e+00 0.000000000000000000e+00 0.000000000000000000e+00 0.000000000000000000e+00 0.000000000000000000e+00 0.000000000000000000e+00
0.000000000000000000e+00 0.000000000000000000e+00 0.000000000000000000e+00 0.000000000000000000e+00 0.000000000000000000e+00 0.000000000000000000e+00 2.499707362363331283e-07 0.000000000000000000e+00 0.000000000000000000e+00 0.000000000000000000e+00 0.000000000000000000e+00 0.000000000000000000e+00 0.000000000000000000e+00 0.000000000000000000e+00 0.000000000000000000e+00
0.000000000000000000e+00 0.000000000000000000e+00 0.000000000000000000e+00 0.000000000000000000e+00 0.000000000000000000e+00 0.000000000000000000e+00 0.000000000000000000e+00 2.499631925308573406e-07 0.000000000000000000e+00 0.000000000000000000e+00 0.000000000000000000e+00 0.000000000000000000e+00 0.000000000000000000e+00 0.000000000000000000e+00 0.000000000000000000e+00
0.000000000000000000e+00 0.000000000000000000e+00 0.000000000000000000e+00 0.000000000000000000e+00 0.000000000000000000e+00 0.000000000000000000e+00 0.000000000000000000e+00 0.000000000000000000e+00 2.499791563670832490e-07 0.000000000000000000e+00 0.000000000000000000e+00 0.000000000000000000e+00 0.000000000000000000e+00 0.000000000000000000e+00 0.000000000000000000e+00
0.000000000000000000e+00 0.000000000000000000e+00 0.000000000000000000e+00 0.000000000000000000e+00 0.000000000000000000e+00 0.000000000000000000e+00 0.000000000000000000e+00 0.000000000000000000e+00 0.000000000000000000e+00 2.499757703183392550e-07 0.000000000000000000e+00 0.000000000000000000e+00 0.000000000000000000e+00 0.000000000000000000e+00 0.000000000000000000e+00
0.000000000000000000e+00 0.000000000000000000e+00 0.000000000000000000e+00 0.000000000000000000e+00 0.000000000000000000e+00 0.000000000000000000e+00 0.000000000000000000e+00 0.000000000000000000e+00 0.000000000000000000e+00 0.000000000000000000e+00 2.499628605838410647e-07 0.000000000000000000e+00 0.000000000000000000e+00 0.000000000000000000e+00 0.000000000000000000e+00
0.000000000000000000e+00 0.000000000000000000e+00 0.000000000000000000e+00 0.000000000000000000e+00 0.000000000000000000e+00 0.000000000000000000e+00 0.000000000000000000e+00 0.000000000000000000e+00 0.000000000000000000e+00 0.000000000000000000e+00 0.000000000000000000e+00 2.499667621116809908e-07 0.000000000000000000e+00 0.000000000000000000e+00 0.000000000000000000e+00
0.000000000000000000e+00 0.000000000000000000e+00 0.000000000000000000e+00 0.000000000000000000e+00 0.000000000000000000e+00 0.000000000000000000e+00 0.000000000000000000e+00 0.000000000000000000e+00 0.000000000000000000e+00 0.000000000000000000e+00 0.000000000000000000e+00 0.000000000000000000e+00 2.499890284937070748e-07 0.000000000000000000e+00 0.000000000000000000e+00
0.000000000000000000e+00 0.000000000000000000e+00 0.000000000000000000e+00 0.000000000000000000e+00 0.000000000000000000e+00 0.000000000000000000e+00 0.000000000000000000e+00 0.000000000000000000e+00 0.000000000000000000e+00 0.000000000000000000e+00 0.000000000000000000e+00 0.000000000000000000e+00 0.000000000000000000e+00 2.499320474044320564e-07 0.000000000000000000e+00
0.000000000000000000e+00 0.000000000000000000e+00 0.000000000000000000e+00 0.000000000000000000e+00 0.000000000000000000e+00 0.000000000000000000e+00 0.000000000000000000e+00 0.000000000000000000e+00 0.000000000000000000e+00 0.000000000000000000e+00 0.000000000000000000e+00 0.000000000000000000e+00 0.000000000000000000e+00 0.000000000000000000e+00 2.499742170587381402e-07
# Theoretical covariance matrix of Ps for N=1000000 and J=10000_F=[0.99, 0.98]
1.328349696410978813e-07 -1.583556217313025523e-12 -3.320953081201512951e-08 -6.641752216748028372e-08 3.320740999202549499e-08 3.320953081201510966e-08 6.641752216748029696e-08 1.583556217296481911e-12 -3.320953081201510966e-08 3.320740999202549499e-08 -1.583556217306408078e-12 -1.690940568660770761e-40 -6.641752216748029696e-08 1.583556217306408078e-12 3.320953081201512951e-08
-1.583556217312860329e-12 6.641752216748027049e-08 3.320957491168249289e-08 1.583556217312860329e-12 3.320852861923748314e-08 -3.320957491168247965e-08 -1.583556217312860329e-12 -6.641752216748025725e-08 3.320957491168247965e-08 3.320852861923748314e-08 6.641752216748025725e-08 -9.301287512369632263e-40 1.583556217312860329e-12 -6.641752216748025725e-08 -3.320957491168249289e-08
-3.320953081201512951e-08 3.320957491168248627e-08 1.992592815341626517e-07 3.320953081201514275e-08 5.813634396762116455e-13 -6.641752216748028372e-08 -3.320953081201514275e-08 -3.320957491168247303e-08 6.641752216748028372e-08 5.813634396762116455e-13 3.320957491168247965e-08 -3.321142370253310808e-08 3.320953081201512951e-08 -3.320957491168247965e-08 -1.328364341290964224e-07
-6.641752216748028372e-08 1.583556217313025523e-12 3.320953081201514275e-08 1.992557503117795010e-07 -3.320740999202548837e-08 -3.320953081201510966e-08 -1.328368468349102754e-07 -1.583556217296481911e-12 3.320953081201510966e-08 -3.320740999202548837e-08 1.583556217306408078e-12 -4.911464108776203203e-24 6.641752216748028372e-08 -1.583556217306408078e-12 -3.320953081201514275e-08
3.320740999202549499e-08 3.320852861923748314e-08 5.813634396760464517e-13 -3.320740999202548837e-08 1.328344341060810261e-07 -5.813634396865076813e-13 3.320740999202549499e-08 -3.320852861923746991e-08 5.813634396865076813e-13 6.641752216748029696e-08 3.320852861923746991e-08 -4.911316840932035441e-24 -3.320740999202549499e-08 -3.320852861923746991e-08 -5.813634396760464517e-13
3.320953081201510966e-08 -3.320957491168247965e-08 -6.641752216748029696e-08 -3.320953081201510966e-08 -5.813634396863424875e-13 6.641752216748027049e-08 3.320953081201510966e-08 3.320957491168246642e-08 -6.641752216748025725e-08 -5.813634396863424875e-13 -3.320957491168247303e-08 6.667922921592580840e-40 -3.320953081201510966e-08 3.320957491168247303e-08 6.641752216748029696e-08
6.641752216748029696e-08 -1.583556217313025523e-12 -3.320953081201514275e-08 -1.328368468349102754e-07 3.320740999202549499e-08 3.320953081201510966e-08 1.328368468349102754e-07 1.583556217296481911e-12 -3.320953081201510966e-08 3.320740999202549499e-08 -1.583556217306408078e-12 -8.634781509324548440e-41 -6.641752216748029696e-08 1.583556217306408078e-12 3.320953081201514275e-08
1.583556217296316717e-12 -6.641752216748025725e-08 -3.320957491168247303e-08 -1.583556217296316717e-12 -3.320852861923746991e-08 3.320957491168246642e-08 1.583556217296316717e-12 2.656680335689062190e-07 -3.320957491168246642e-08 -3.320852861923746991e-08 -1.992510044355747584e-07 -4.519169514424247218e-24 -1.583556217296316717e-12 1.328340732761313481e-07 3.320957491168247965e-08
-3.320953081201510966e-08 3.320957491168247965e-08 6.641752216748029696e-08 3.320953081201510966e-08 5.813634396863424875e-13 -6.641752216748025725e-08 -3.320953081201510966e-08 -3.320957491168246642e-08 1.328325664129686599e-07 5.813634396863424875e-13 3.320957491168247303e-08 8.940182976574609479e-26 3.320953081201510966e-08 -3.320957491168247303e-08 -6.641752216748029696e-08
3.320740999202549499e-08 3.320852861923748314e-08 5.813634396760464517e-13 -3.320740999202548837e-08 6.641752216748029696e-08 -5.813634396865076813e-13 3.320740999202549499e-08 -3.320852861923746991e-08 5.813634396865076813e-13 6.641752216748029696e-08 3.320852861923746991e-08 -1.651024468620432532e-39 -3.320740999202549499e-08 -3.320852861923746991e-08 -5.813634396760464517e-13
-1.583556217306242885e-12 6.641752216748025725e-08 3.320957491168247965e-08 1.583556217306242885e-12 3.320852861923746991e-08 -3.320957491168247303e-08 -1.583556217306242885e-12 -1.992510044355747584e-07 3.320957491168247303e-08 3.320852861923746991e-08 1.992510044355747584e-07 4.608574016063619432e-24 1.583556217306242885e-12 -1.328340732761313481e-07 -3.320957491168249289e-08
-1.690940568660771169e-40 -9.301287512369632263e-40 -3.321142370253310808e-08 -4.911464108776203203e-24 -4.911316840932035441e-24 6.667922921592580840e-40 -8.634781509324555577e-41 -4.519169514424246484e-24 8.940182976574609479e-26 -1.651024468620432532e-39 4.608574016063618697e-24 3.320763869022607121e-08 1.690940568660771169e-40 -4.608574016063618697e-24 1.452121968419972134e-40
-6.641752216748029696e-08 1.583556217313025523e-12 3.320953081201512951e-08 6.641752216748028372e-08 -3.320740999202549499e-08 -3.320953081201510966e-08 -6.641752216748029696e-08 -1.583556217296481911e-12 3.320953081201510966e-08 -3.320740999202549499e-08 1.583556217306408078e-12 1.690940568660770761e-40 6.641752216748029696e-08 -1.583556217306408078e-12 -3.320953081201512951e-08
1.583556217306242885e-12 -6.641752216748025725e-08 -3.320957491168247965e-08 -1.583556217306242885e-12 -3.320852861923746991e-08 3.320957491168247303e-08 1.583556217306242885e-12 1.328340732761313481e-07 -3.320957491168247303e-08 -3.320852861923746991e-08 -1.328340732761313481e-07 -4.608574016063619432e-24 -1.583556217306242885e-12 1.328340732761313481e-07 3.320957491168249289e-08
3.320953081201512951e-08 -3.320957491168248627e-08 -1.328364341290964224e-07 -3.320953081201514275e-08 -5.813634396762116455e-13 6.641752216748028372e-08 3.320953081201514275e-08 3.320957491168247965e-08 -6.641752216748028372e-08 -5.813634396762116455e-13 -3.320957491168248627e-08 1.452121968419972134e-40 -3.320953081201512951e-08 3.320957491168248627e-08 1.328364341290964224e-07
