4.668303510232159749e-04
1.486072138073846654e-06
3.958804722941879550e-06
8.437500000000229442e-07
8.891076580548299514e-07
8.574832193844890631e-07
9.545344716682943087e-07
1.405591139595407283e-05
1.021187228208099164e-06
1.035827771275738387e-06
2.012006098014960129e-04
8.515025699264755000e-05
3.290115564897807543e-01
1.124899268255436033e-06
8.790989639994477653e-07
3.366587282017873573e-06
1.446459347605447144e-06
8.554911056483714587e-07
8.998932955461104983e-07
4.267551656781412868e-06
3.978072212881579306e-01
9.367958179568151316e-07
1.213273534280240658e-05
8.437500000000122504e-07
8.437500000000608489e-07
9.061002862475501161e-07
8.426059182147673892e-07
1.748405694726957313e-05
8.423031299887546751e-07
4.209208662289782243e-05
3.842058478426280731e-06
2.375184077119236282e-06
4.506172593038596061e-06
2.235959388239497635e-05
3.100132370125615491e-06
1.689548414033059222e-06
8.423031299887524516e-07
8.911505727371684258e-07
1.054836695775246170e-04
7.510597086542506336e-06
8.937408259699455635e-07
4.561183642240110851e-05
1.162235019333058769e-02
2.107091037412002325e-04
9.610549353975241042e-07
1.979130574484099637e-06
8.606821192956782456e-05
9.240402345747398164e-07
9.093686543983570125e-01
1.099568388380185783e-06
8.437500000000004978e-07
2.031825682715452180e-05
8.437500000000375555e-07
1.079605950217511698e-06
7.789822768137076472e-05
1.713189866530994202e-05
1.712168331988496992e-05
5.998646874527488961e-06
8.437500011104180224e-07
9.004422201269479392e-07
5.105188990536328313e-05
2.542445454049886830e-04
8.869095909512783382e-07
3.896516519266574334e-05
5.685814484430364718e-04
2.304082964971154324e-06
3.270229164217868184e-05
4.375653862280424673e-06
8.437500000000070623e-07
1.005684739881353003e-06
1.142463016570480035e-06
8.852353899771596084e-07
1.645847841501515448e-05
3.897268736897416090e-04
2.625589979645103334e-06
1.604855531054714967e-06
1.282533368048056334e-06
9.510921065608686280e-07
4.084071404769223229e-03
1.162781989271067380e-06
1.093751880662546324e-05
4.783573886633327277e+00
3.506540849990523868e-05
2.376124180920780341e-06
3.528904012613028350e-05
2.523663259977878626e-04
8.437500000000004978e-07
1.330327356331661949e-04
1.216965602176688643e-01
1.590922633130523593e-05
8.457210604691004639e-07
8.423031299887597573e-07
1.974529531160936663e-06
1.833562570106542222e-03
2.049766152487321122e-03
3.428503940864778050e-06
9.146991442952525740e-07
1.074088021412759403e-04
3.192673383524395224e-04
8.437500000887738917e-07
