8.957864269523907783e-07
8.945496833366297278e-07
8.957864269525414443e-07
4.426129795852374807e-05
8.957864269523874961e-07
8.957864269523828374e-07
8.957864269524995162e-07
8.957864269523992487e-07
8.945496833366633974e-07
8.957864269523899313e-07
8.945496833361546482e-07
1.886036429360798738e-05
8.945496833366975963e-07
8.945496833367554063e-07
1.825485607325094239e+00
8.957864269523843197e-07
8.945496833367097724e-07
8.945496833361471308e-07
8.957864269525770197e-07
8.957864269524814108e-07
7.329274700900638082e-03
8.945496833368252865e-07
8.957864269525179391e-07
8.945496833363531716e-07
1.875903908012143892e-02
8.945496833366339630e-07
2.138184604298662972e-01
2.979293447761019771e-06
3.029238145524303072e-04
8.945496833361597304e-07
1.391209091477053628e-01
8.945496833361594128e-07
8.945496833361451191e-07
8.945496833366833026e-07
1.177019417832942533e-02
8.945496833366838320e-07
8.957864269523951194e-07
9.914049547409297037e-06
8.957864269523830491e-07
8.957864269524069778e-07
8.957864269524347182e-07
1.760888855229399835e-03
8.945496833367355011e-07
8.957864269524663760e-07
1.648848535857500019e-02
8.945496833361382369e-07
8.945496833363051024e-07
8.957864269524589645e-07
8.945496833362410456e-07
8.957864269529963010e-07
8.957864269523871784e-07
3.684569598944083424e+00
1.685686344138177199e-03
1.374698781059945918e-01
8.945496833366267632e-07
1.315525611665803571e-04
8.957864269523873902e-07
9.968730445313509457e-04
8.945496833362711152e-07
8.957864269524066602e-07
2.469666828707079431e-01
4.412743145882177219e-03
8.945496833366395746e-07
2.099163659584618992e-05
8.945496833361710595e-07
8.957864269524262478e-07
8.957864269523859079e-07
8.945496833362704800e-07
8.957864269524207421e-07
8.957864269524049661e-07
2.588770013837417110e-03
8.957864269523861196e-07
8.945496833361454367e-07
8.945496833361466014e-07
8.945496833362021879e-07
8.957864269523914136e-07
8.957864269523838962e-07
8.957864269523917312e-07
1.248290198129472833e-05
8.945496833366505860e-07
8.957864269524306947e-07
8.957864269524180951e-07
8.945496833361527424e-07
4.208214449326902885e-04
1.469574821668269936e-02
3.410675787134644088e-03
1.243143811022809545e-06
8.957864269523932135e-07
8.945496833511317789e-07
8.945496833361490366e-07
1.732358712330828401e-05
4.111989324762657660e-03
8.945496833366373511e-07
8.957864269524606585e-07
8.604298962895195433e-06
3.685809140376241922e-06
1.200020330366393523e-03
8.957864269524745287e-07
2.319928972585108551e-01
