# Theoretical covariance matrix of the noisy responses for N=1000000 and J=10000
2.422951103271398891e-07 0.000000000000000000e+00 0.000000000000000000e+00 0.000000000000000000e+00 0.000000000000000000e+00 0.000000000000000000e+00 0.000000000000000000e+00 0.000000000000000000e+00 0.000000000000000000e+00 0.000000000000000000e+00 0.000000000000000000e+00 0.000000000000000000e+00 0.000000000000000000e+00 0.000000000000000000e+00 0.000000000000000000e+00
0.000000000000000000e+00 2.424141267386938829e-07 0.000000000000000000e+00 0.000000000000000000e+00 0.000000000000000000e+00 0.000000000000000000e+00 0.000000000000000000e+00 0.000000000000000000e+00 0.000000000000000000e+00 0.000000000000000000e+00 0.000000000000000000e+00 0.000000000000000000e+00 0.000000000000000000e+00 0.000000000000000000e+00 0.000000000000000000e+00
0.000000000000000000e+00 0.000000000000000000e+00 2.421944395029152600e-07 0.000000000000000000e+00 0.000000000000000000e+00 0.000000000000000000e+00 0.000000000000000000e+00 0.000000000000000000e+00 0.000000000000000000e+00 0.000000000000000000e+00 0.000000000000000000e+00 0.000000000000000000e+00 0.000000000000000000e+00 0.000000000000000000e+00 0.000000000000000000e+00
0.000000000000000000e+00 0.000000000000000000e+00 0.000000000000000000e+00 2.423017203361440572e-07 0.000000000000000000e+00 0.000000000000000000e+00 0.000000000000000000e+00 0.000000000000000000e+00 0.000000000000000000e+00 0.000000000000000000e+00 0.000000000000000000e+00 0.000000000000000000e+00 0.000000000000000000e+00 0.000000000000000000e+00 0.000000000000000000e+00
0.000000000000000000e+00 0.000000000000000000e+00 0.000000000000000000e+00 0.000000000000000000e+00 2.425295571639199563e-07 0.000000000000000000e+00 0.000000000000000000e+00 0.000000000000000000e+00 0.000000000000000000e+00 0.000000000000000000e+00 0.000000000000000000e+00 0.000000000000000000e+00 0.000000000000000000e+00 0.000000000000000000e+00 0.000000000000000000e+00
0.000000000000000000e+00 0.000000000000000000e+00 0.000000000000000000e+00 0.000000000000000000e+00 0.000000000000000000e+00 2.425795296561287983e-07 0.000000000000000000e+00 0.000000000000000000e+00 0.000000000000000000e+00 0.000000000000000000e+00 0.000000000000000000e+00 0.000000000000000000e+00 0.000000000000000000e+00 0.000000000000000000e+00 0.000000000000000000e+00
0.000000000000000000e+00 0.000000000000000000e+00 0.000000000000000000e+00 0.000000000000000000e+00 0.000000000000000000e+00 0.000000000000000000e+00 2.499718912001312653e-07 0.000000000000000000e+00 0.000000000000000000e+00 0.000000000000000000e+00 0.000000000000000000e+00 0.000000000000000000e+00 0.000000000000000000e+00 0.000000000000000000e+00 0.000000000000000000e+00
0.000000000000000000e+00 0.000000000000000000e+00 0.000000000000000000e+00 0.000000000000000000e+00 0.000000000000000000e+00 0.000000000000000000e+00 0.000000000000000000e+00 2.499620696369722545e-07 0.000000000000000000e+00 0.000000000000000000e+00 0.000000000000000000e+00 0.000000000000000000e+00 0.000000000000000000e+00 0.000000000000000000e+00 0.000000000000000000e+00
0.000000000000000000e+00 0.000000000000000000e+00 0.000000000000000000e+00 0.000000000000000000e+00 0.000000000000000000e+00 0.000000000000000000e+00 0.000000000000000000e+00 0.000000000000000000e+00 2.499781294782118874e-07 0.000000000000000000e+00 0.000000000000000000e+00 0.000000000000000000e+00 0.000000000000000000e+00 0.000000000000000000e+00 0.000000000000000000e+00
0.000000000000000000e+00 0.000000000000000000e+00 0.000000000000000000e+00 0.000000000000000000e+00 0.000000000000000000e+00 0.000000000000000000e+00 0.000000000000000000e+00 0.000000000000000000e+00 0.000000000000000000e+00 2.426081425129506690e-07 0.000000000000000000e+00 0.000000000000000000e+00 0.000000000000000000e+00 0.000000000000000000e+00 0.000000000000000000e+00
0.000000000000000000e+00 0.000000000000000000e+00 0.000000000000000000e+00 0.000000000000000000e+00 0.000000000000000000e+00 0.000000000000000000e+00 0.000000000000000000e+00 0.000000000000000000e+00 0.000000000000000000e+00 0.000000000000000000e+00 2.499790501722155234e-07 0.000000000000000000e+00 0.000000000000000000e+00 0.000000000000000000e+00 0.000000000000000000e+00
0.000000000000000000e+00 0.000000000000000000e+00 0.000000000000000000e+00 0.000000000000000000e+00 0.000000000000000000e+00 0.000000000000000000e+00 0.000000000000000000e+00 0.000000000000000000e+00 0.000000000000000000e+00 0.000000000000000000e+00 0.000000000000000000e+00 2.424083900645457050e-07 0.000000000000000000e+00 0.000000000000000000e+00 0.000000000000000000e+00
0.000000000000000000e+00 0.000000000000000000e+00 0.000000000000000000e+00 0.000000000000000000e+00 0.000000000000000000e+00 0.000000000000000000e+00 0.000000000000000000e+00 0.000000000000000000e+00 0.000000000000000000e+00 0.000000000000000000e+00 0.000000000000000000e+00 0.000000000000000000e+00 2.499890179328395138e-07 0.000000000000000000e+00 0.000000000000000000e+00
0.000000000000000000e+00 0.000000000000000000e+00 0.000000000000000000e+00 0.000000000000000000e+00 0.000000000000000000e+00 0.000000000000000000e+00 0.000000000000000000e+00 0.000000000000000000e+00 0.000000000000000000e+00 0.000000000000000000e+00 0.000000000000000000e+00 0.000000000000000000e+00 0.000000000000000000e+00 2.499969224377112041e-07 0.000000000000000000e+00
0.000000000000000000e+00 0.000000000000000000e+00 0.000000000000000000e+00 0.000000000000000000e+00 0.000000000000000000e+00 0.000000000000000000e+00 0.000000000000000000e+00 0.000000000000000000e+00 0.000000000000000000e+00 0.000000000000000000e+00 0.000000000000000000e+00 0.000000000000000000e+00 0.000000000000000000e+00 0.000000000000000000e+00 2.499694213224716618e-07
# Theoretical covariance matrix of Ps for N=1000000 and J=10000_F=[0.99, 0.98]
1.435674358129789876e-07 -6.876458227490534548e-13 -1.896380260535886835e-15 -1.338128825509955905e-15 2.605961925760508364e-08 2.606126182809994908e-08 7.098918133547477052e-16 3.624684225341999198e-16 -2.606129066331286488e-08 2.605958685300115146e-08 3.624808946609264926e-16 4.889602833325586815e-16 -7.722948060384154644e-08 6.876458227589796222e-13 9.184601983428429558e-16
-6.876458227515563022e-13 7.722985475578168797e-08 -6.010342912137981305e-16 -6.968075121939375940e-11 2.606033915192881099e-08 -2.605962512066170217e-08 -6.968075123561386648e-11 -6.964769597221883004e-11 2.605959628549055568e-08 2.606037155649093415e-08 -6.964909672213436957e-11 2.468335277413231849e-18 6.876458227510085172e-13 -7.722985475578168797e-08 6.010342912137984263e-16
-1.896380260535886835e-15 -6.010342912137983277e-16 3.321012057972019125e-08 3.824803253351903314e-18 -1.661938653481596574e-16 3.380151002119835040e-15 3.824981106895105500e-18 -2.738700918714773739e-18 -8.622011848422134929e-16 -1.661941630554769336e-16 -2.738707643936656344e-18 -1.660571114975324177e-08 -1.084977857627581313e-16 -5.351364816408342299e-16 1.301719786234458000e-12
-1.338128825509955905e-15 -6.968075121939375940e-11 3.824803253351903314e-18 3.316645845690052469e-08 -5.193364676106680333e-16 4.702556582984119726e-11 -1.326738392766578764e-11 -6.319186214437352500e-19 -4.702556582950110324e-11 -5.193360854325855729e-16 6.319100714321242946e-19 -1.360289778902740434e-16 1.224958671311753937e-15 6.968075121939375940e-11 -3.824801585055618258e-18
2.605961925760508033e-08 2.606033915192881430e-08 -1.661938653481596574e-16 -5.193364676106679347e-16 7.027268658543471859e-08 4.186579319863538413e-13 9.535490995492271518e-17 -4.700380479873489678e-11 -4.381181010858327492e-13 2.204332804864228603e-08 -4.700427746591756402e-11 -1.966073101084325997e-16 -2.605961925760509026e-08 -2.606033915192880768e-08 1.661938653481596081e-16
2.606126182809994908e-08 -2.605962512066169886e-08 3.380151002119835040e-15 4.702556582984119726e-11 4.186579319849330334e-13 4.008575714310222385e-08 4.702618055996352475e-11 8.298050094948867337e-18 -2.204878363935833379e-08 3.967888676779096781e-13 4.809522821058074271e-16 -2.458917626710955153e-16 -2.606126182809995238e-08 2.605962512066170548e-08 -3.380151002119834645e-15
7.098918133547477052e-16 -6.968075123561386648e-11 3.824981106895105500e-18 -1.326738392766578764e-11 9.535490995492272750e-17 4.702618055996352475e-11 3.316645845690051145e-08 -6.319100715792200830e-19 -4.702618056030359291e-11 9.535452777684036571e-17 6.319186215908308458e-19 -1.360289762219717972e-16 -5.967216591565459346e-16 6.968075123561386648e-11 -3.824982775191390556e-18
3.624684225341998705e-16 -6.964769597221883004e-11 -2.738700918714773739e-18 -6.319186214437352500e-19 -4.700380479873489678e-11 8.298050094948878123e-18 -6.319100715792200830e-19 3.314510917499029848e-08 -8.298311594226220894e-18 -4.700380479844102148e-11 -7.291368204923732447e-12 -4.510471439007976885e-16 -3.624684225341999198e-16 6.964718128626059267e-11 2.738698306607578114e-18
-2.606129066331286488e-08 2.605959628549055568e-08 -8.622011848422135915e-16 -4.702556582950110324e-11 -4.381181010844720714e-13 -2.204878363935833379e-08 -4.702618056030359291e-11 -8.298311594226162346e-18 7.025810699800621404e-08 -4.162490367774487161e-13 -4.809520206025812501e-16 -6.558031906560033619e-16 2.606129066331286819e-08 -2.605959628549056230e-08 8.622011848422132957e-16
2.605958685300114815e-08 2.606037155649093746e-08 -1.661941630554767364e-16 -5.193360854325855729e-16 2.204332804864228603e-08 3.967888676793907171e-13 9.535452777684036571e-17 -4.700380479844102148e-11 -4.162490367772152133e-13 4.008779772248436855e-08 -4.700427746621142640e-11 7.531707379906929891e-17 -2.605958685300115808e-08 -2.606037155649093084e-08 1.661941630554769089e-16
3.624808946609264926e-16 -6.964909672213436957e-11 -2.738707643936656729e-18 6.319100714321242946e-19 -4.700427746591757048e-11 4.809522821058075258e-16 6.319186215908308458e-19 -7.291368204920481886e-12 -4.809520206025812501e-16 -4.700427746621143286e-11 3.314510917751676615e-08 -4.510471465576740189e-16 -3.624808946609264433e-16 6.964961140809260694e-11 2.738710256043852354e-18
4.889602833325587801e-16 2.468335277413231849e-18 -1.660571114975324508e-08 -1.360289778902740188e-16 -1.966073101084325750e-16 -2.458917626710954660e-16 -1.360289762219717726e-16 -4.510471439007976885e-16 -6.558031906560032633e-16 7.531707379906929891e-17 -4.510471465576739203e-16 3.321194736226960523e-08 -2.522360365783836475e-22 -1.708404778608453100e-16 -1.660571114975251055e-08
-7.722948060384154644e-08 6.876458227486839902e-13 -1.084977857627583408e-16 1.224958671311753937e-15 -2.605961925760509026e-08 -2.606126182809995238e-08 -5.967216591565458360e-16 -3.624684225341999198e-16 2.606129066331286819e-08 -2.605958685300115808e-08 -3.624808946609264433e-16 -2.522360365783836946e-22 7.722948060384154644e-08 -6.876458227553014351e-13 1.084977857627583039e-16
6.876458227614824696e-13 -7.722985475578168797e-08 -5.351364816408342299e-16 6.968075121939375940e-11 -2.606033915192880437e-08 2.605962512066170879e-08 6.968075123561386648e-11 6.964718128626059267e-11 -2.605959628549056230e-08 -2.606037155649093084e-08 6.964961140809260694e-11 -1.708404778608453100e-16 -6.876458227576259621e-13 1.435814789914854503e-07 8.718807668076983708e-16
9.184601983428429558e-16 6.010342912137982291e-16 1.301719786234458000e-12 -3.824801585055618258e-18 1.661938653481596081e-16 -3.380151002119834645e-15 -3.824982775191390556e-18 2.738698306607578114e-18 8.622011848422135915e-16 1.661941630554768843e-16 2.738710256043851969e-18 -1.660571114975250724e-08 1.084977857627581066e-16 8.718807668076984694e-16 3.321012057971885452e-08
