# Theoretical covariance matrix of the noisy responses for N=1000000 and J=10000
3.456613746556275299e-08 0.000000000000000000e+00 0.000000000000000000e+00 0.000000000000000000e+00 0.000000000000000000e+00 0.000000000000000000e+00 0.000000000000000000e+00 0.000000000000000000e+00 0.000000000000000000e+00 0.000000000000000000e+00 0.000000000000000000e+00 0.000000000000000000e+00 0.000000000000000000e+00 0.000000000000000000e+00 0.000000000000000000e+00
0.000000000000000000e+00 1.530587333975175172e-08 0.000000000000000000e+00 0.000000000000000000e+00 0.000000000000000000e+00 0.000000000000000000e+00 0.000000000000000000e+00 0.000000000000000000e+00 0.000000000000000000e+00 0.000000000000000000e+00 0.000000000000000000e+00 0.000000000000000000e+00 0.000000000000000000e+00 0.000000000000000000e+00 0.000000000000000000e+00
0.000000000000000000e+00 0.000000000000000000e+00 1.839429695431149729e-07 0.000000000000000000e+00 0.000000000000000000e+00 0.000000000000000000e+00 0.000000000000000000e+00 0.000000000000000000e+00 0.000000000000000000e+00 0.000000000000000000e+00 0.000000000000000000e+00 0.000000000000000000e+00 0.000000000000000000e+00 0.000000000000000000e+00 0.000000000000000000e+00
0.000000000000000000e+00 0.000000000000000000e+00 0.000000000000000000e+00 2.480822665984318970e-07 0.000000000000000000e+00 0.000000000000000000e+00 0.000000000000000000e+00 0.000000000000000000e+00 0.000000000000000000e+00 0.000000000000000000e+00 0.000000000000000000e+00 0.000000000000000000e+00 0.000000000000000000e+00 0.000000000000000000e+00 0.000000000000000000e+00
0.000000000000000000e+00 0.000000000000000000e+00 0.000000000000000000e+00 0.000000000000000000e+00 2.498361188132131641e-07 0.000000000000000000e+00 0.000000000000000000e+00 0.000000000000000000e+00 0.000000000000000000e+00 0.000000000000000000e+00 0.000000000000000000e+00 0.000000000000000000e+00 0.000000000000000000e+00 0.000000000000000000e+00 0.000000000000000000e+00
0.000000000000000000e+00 0.000000000000000000e+00 0.000000000000000000e+00 0.000000000000000000e+00 0.000000000000000000e+00 1.908734391119152296e-07 0.000000000000000000e+00 0.000000000000000000e+00 0.000000000000000000e+00 0.000000000000000000e+00 0.000000000000000000e+00 0.000000000000000000e+00 0.000000000000000000e+00 0.000000000000000000e+00 0.000000000000000000e+00
0.000000000000000000e+00 0.000000000000000000e+00 0.000000000000000000e+00 0.000000000000000000e+00 0.000000000000000000e+00 0.000000000000000000e+00 2.499994350510664555e-07 0.000000000000000000e+00 0.000000000000000000e+00 0.000000000000000000e+00 0.000000000000000000e+00 0.000000000000000000e+00 0.000000000000000000e+00 0.000000000000000000e+00 0.000000000000000000e+00
0.000000000000000000e+00 0.000000000000000000e+00 0.000000000000000000e+00 0.000000000000000000e+00 0.000000000000000000e+00 0.000000000000000000e+00 0.000000000000000000e+00 2.499999996580444234e-07 0.000000000000000000e+00 0.000000000000000000e+00 0.000000000000000000e+00 0.000000000000000000e+00 0.000000000000000000e+00 0.000000000000000000e+00 0.000000000000000000e+00
0.000000000000000000e+00 0.000000000000000000e+00 0.000000000000000000e+00 0.000000000000000000e+00 0.000000000000000000e+00 0.000000000000000000e+00 0.000000000000000000e+00 0.000000000000000000e+00 2.499999969345170253e-07 0.000000000000000000e+00 0.000000000000000000e+00 0.000000000000000000e+00 0.000000000000000000e+00 0.000000000000000000e+00 0.000000000000000000e+00
0.000000000000000000e+00 0.000000000000000000e+00 0.000000000000000000e+00 0.000000000000000000e+00 0.000000000000000000e+00 0.000000000000000000e+00 0.000000000000000000e+00 0.000000000000000000e+00 0.000000000000000000e+00 4.933676922128515666e-08 0.000000000000000000e+00 0.000000000000000000e+00 0.000000000000000000e+00 0.000000000000000000e+00 0.000000000000000000e+00
0.000000000000000000e+00 0.000000000000000000e+00 0.000000000000000000e+00 0.000000000000000000e+00 0.000000000000000000e+00 0.000000000000000000e+00 0.000000000000000000e+00 0.000000000000000000e+00 0.000000000000000000e+00 0.000000000000000000e+00 2.499999999422560057e-07 0.000000000000000000e+00 0.000000000000000000e+00 0.000000000000000000e+00 0.000000000000000000e+00
0.000000000000000000e+00 0.000000000000000000e+00 0.000000000000000000e+00 0.000000000000000000e+00 0.000000000000000000e+00 0.000000000000000000e+00 0.000000000000000000e+00 0.000000000000000000e+00 0.000000000000000000e+00 0.000000000000000000e+00 0.000000000000000000e+00 1.301264204526015451e-07 0.000000000000000000e+00 0.000000000000000000e+00 0.000000000000000000e+00
0.000000000000000000e+00 0.000000000000000000e+00 0.000000000000000000e+00 0.000000000000000000e+00 0.000000000000000000e+00 0.000000000000000000e+00 0.000000000000000000e+00 0.000000000000000000e+00 0.000000000000000000e+00 0.000000000000000000e+00 0.000000000000000000e+00 0.000000000000000000e+00 2.499969785683072647e-07 0.000000000000000000e+00 0.000000000000000000e+00
0.000000000000000000e+00 0.000000000000000000e+00 0.000000000000000000e+00 0.000000000000000000e+00 0.000000000000000000e+00 0.000000000000000000e+00 0.000000000000000000e+00 0.000000000000000000e+00 0.000000000000000000e+00 0.000000000000000000e+00 0.000000000000000000e+00 0.000000000000000000e+00 0.000000000000000000e+00 2.499888200324268944e-07 0.000000000000000000e+00
0.000000000000000000e+00 0.000000000000000000e+00 0.000000000000000000e+00 0.000000000000000000e+00 0.000000000000000000e+00 0.000000000000000000e+00 0.000000000000000000e+00 0.000000000000000000e+00 0.000000000000000000e+00 0.000000000000000000e+00 0.000000000000000000e+00 0.000000000000000000e+00 0.000000000000000000e+00 0.000000000000000000e+00 2.499996998846559359e-07
# Theoretical covariance matrix of Ps for N=1000000 and J=10000_F=[1, 1]
1.351794965388522599e-07 4.117849882168940232e-14 -1.774726568516357197e-17 -2.125268995433816358e-17 -2.452217494392504149e-08 -2.452217415662442423e-08 3.400430029713762424e-16 -4.243858040433163282e-16 2.452217325118879680e-08 -2.452217408558208680e-08 -4.243861543692821208e-16 -1.688809885613250207e-16 -7.267548024186615668e-08 -4.117849882830684722e-14 3.555092718697326429e-16
4.117849882738112210e-14 7.267548043819100321e-08 -6.482960843957220873e-17 5.337241311570062847e-16 -2.452222862626054548e-08 2.452217396771426589e-08 5.337240987975911646e-16 8.313315064759056698e-16 -2.452217487314986354e-08 -2.452222948460352995e-08 2.130450560915144012e-16 -3.011905006650442859e-23 -4.117849882738112210e-14 -7.267548043819100321e-08 6.482960843957211012e-17
-1.774726568516355349e-17 -6.482960843957220873e-17 3.124979240331025628e-08 3.844188613173458848e-24 1.322098786626728807e-16 6.524807899478601989e-16 -1.986406334976789179e-24 7.620805198144585335e-25 -2.005148903745416030e-16 1.322098755663208827e-16 3.666010244051883506e-25 -1.562481116051922389e-08 3.269960927799282310e-16 -1.235483748752740431e-16 -1.700822718053445586e-13
-2.125268995433815742e-17 5.337241311570062847e-16 3.844188613173459583e-24 3.109452695926975860e-08 -1.172015097216678443e-16 3.505436118000869710e-16 1.166917097427575099e-10 2.103580080056618533e-24 -3.505436121558474620e-16 -1.172015093844108254e-16 -2.437076501061028054e-24 -4.801400649580611332e-16 -1.879505444607410727e-16 -5.337241311570061861e-16 -4.974690432778053467e-24
-2.452217494392503818e-08 -2.452222862626054218e-08 1.322098786626728560e-16 -1.172015097216678443e-16 6.646094706274036071e-08 -1.802741965842366091e-14 -9.793118039943655684e-17 -4.567053357440611313e-16 1.863844450876184886e-14 2.061296920760431186e-08 -2.480825430025683593e-16 -7.053057175125244474e-16 2.452217494392503818e-08 2.452222862626053887e-08 -1.322098786626728314e-16
-2.452217415662442092e-08 2.452217396771426589e-08 6.524807899478601989e-16 3.505436118000870203e-16 -1.802741966035495333e-14 3.771578579966151066e-08 3.698139405036317466e-16 3.907041240158319407e-16 -2.075387843902884898e-08 -1.860666447017886483e-14 1.820817962817715598e-16 -6.024646189067655339e-17 2.452217415662442092e-08 -2.452217396771426589e-08 -6.524807899478602975e-16
3.400430029713761931e-16 5.337240987975911646e-16 -1.986406334976789914e-24 1.166917097427575099e-10 -9.793118039943654451e-17 3.698139405036316972e-16 3.109452695926975860e-08 2.437076363412211797e-24 -3.698139401478712062e-16 -9.793118073669358811e-17 -2.103579942407802275e-24 -4.801400660885631025e-16 -1.308397685562969691e-16 -5.337240987975912632e-16 3.116908154581380125e-24
-4.243858040433163282e-16 8.313315064759056698e-16 7.620805198144585335e-25 2.103580080056618533e-24 -4.567053357440611313e-16 3.907041240158319407e-16 2.437076363412211797e-24 3.123889318624209221e-08 -3.907041278673274250e-16 -4.567053393952367780e-16 2.854539032237699815e-12 -1.109665355891475061e-16 4.243858040433163282e-16 -9.887534523551463166e-16 1.740725422022406179e-24
2.452217325118879680e-08 -2.452217487314986354e-08 -2.005148903745416770e-16 -3.505436121558475113e-16 1.863844451069314128e-14 -2.075387843902884898e-08 -3.698139401478712555e-16 -3.907041278673274250e-16 6.608436971502738861e-08 1.921768932051705278e-14 -1.820817924302761741e-16 -1.610078563080503203e-16 -2.452217325118879680e-08 2.452217487314986354e-08 2.005148903745418003e-16
-2.452217408558208349e-08 -2.452222948460352995e-08 1.322098755663208580e-16 -1.172015093844108500e-16 2.061296920760430855e-08 -1.860666446996041346e-14 -9.793118073669360044e-17 -4.567053393952367780e-16 1.921768932029860142e-14 3.776851144797347651e-08 -2.480825393513934522e-16 2.639135426405195821e-16 2.452217408558208349e-08 2.452222948460352664e-08 -1.322098755663207841e-16
-4.243861543692821208e-16 2.130450560915143026e-16 3.666010244051884884e-25 -2.437076501061028054e-24 -2.480825430025683593e-16 1.820817962817715598e-16 -2.103579942407802275e-24 2.854539032237699815e-12 -1.820817924302761741e-16 -2.480825393513934029e-16 3.123889318624209221e-08 -1.109665330863413558e-16 4.243861543692821208e-16 -5.562311021227339692e-17 -2.869406966242058757e-24
-1.688809885613250207e-16 -3.011905006650443447e-23 -1.562481116051922389e-08 -4.801400649580611332e-16 -7.053057175125244474e-16 -6.024646189067655339e-17 -4.801400660885632012e-16 -1.109665355891475184e-16 -1.610078563080503449e-16 2.639135426405195821e-16 -1.109665330863413558e-16 3.124911241254594119e-08 -1.453095947979648615e-23 4.978511043418730606e-16 -1.562481116051920404e-08
-7.267548024186615668e-08 -4.117849882168940232e-14 3.269960927799282310e-16 -1.879505444607410727e-16 2.452217494392504149e-08 2.452217415662442423e-08 -1.308397685562969938e-16 4.243858040433163282e-16 -2.452217325118879680e-08 2.452217408558208680e-08 4.243861543692821208e-16 -1.453095947979648615e-23 7.267548024186615668e-08 4.117849882830684722e-14 -3.269960927799283296e-16
-4.117849883399856700e-14 -7.267548043819100321e-08 -1.235483748752740677e-16 -5.337241311570061861e-16 2.452222862626054218e-08 -2.452217396771425928e-08 -5.337240987975912632e-16 -9.887534523551463166e-16 2.452217487314985693e-08 2.452222948460352333e-08 -5.562311021227349553e-17 4.978511043418729620e-16 4.117849883399856700e-14 1.353033362796291656e-07 -8.721537735703720262e-16
3.555092718697326429e-16 6.482960843957211012e-17 -1.700822718053445586e-13 -4.974690432778053467e-24 -1.322098786626728314e-16 -6.524807899478601989e-16 3.116908154581380125e-24 1.740725422022406179e-24 2.005148903745417263e-16 -1.322098755663207841e-16 -2.869406966242058757e-24 -1.562481116051920735e-08 -3.269960927799282803e-16 -8.721537735703719276e-16 3.124979240331022319e-08
